QGC WPL 110
0    0   3   16  0.000000    0.000000    0.000000    0.000000    28.7531165772    77.1162005    65.0       1
1    0   3   16  0.000000    0.000000    0.000000    0.000000    28.7531706376    77.116098    65.0       1
2    0   3   16  0.000000    0.000000    0.000000    0.000000    28.7532787584    77.1160775    65.0       1
3    0   3   16  0.000000    0.000000    0.000000    0.000000    28.7535670805    77.1159135    65.0       1
4    0   3   16  0.000000    0.000000    0.000000    0.000000    28.7536571812    77.115893    65.0       1
5    0   3   16  0.000000    0.000000    0.000000    0.000000    28.7537292617    77.115811    65.0       1
6    0   3   16  0.000000    0.000000    0.000000    0.000000    28.7541257047    77.1155035    65.0       1
7    0   3   16  0.000000    0.000000    0.000000    0.000000    28.7542338255    77.1162005    65.0       1
8    0   3   16  0.000000    0.000000    0.000000    0.000000    28.7542698658    77.116508    65.0       1
9    0   3   16  0.000000    0.000000    0.000000    0.000000    28.7541977852    77.1166105    65.0       1
10    0   3   16  0.000000    0.000000    0.000000    0.000000    28.7541076846    77.1166515    65.0       1
11    0   3   16  0.000000    0.000000    0.000000    0.000000    28.7538373826    77.1165695    65.0       1
12    0   3   16  0.000000    0.000000    0.000000    0.000000    28.7536752013    77.115524    65.0       1
13    0   3   16  0.000000    0.000000    0.000000    0.000000    28.753224698    77.1155445    65.0       1
14    0   3   16  0.000000    0.000000    0.000000    0.000000    28.7533328188    77.1156675    65.0       1
15    0   3   16  0.000000    0.000000    0.000000    0.000000    28.7533688591    77.11577    65.0       1
16    0   3   16  0.000000    0.000000    0.000000    0.000000    28.7533688591    77.115893    65.0       1
17    0   3   16  0.000000    0.000000    0.000000    0.000000    28.7534409396    77.1161595    65.0       1
18    0   3   16  0.000000    0.000000    0.000000    0.000000    28.7534769799    77.116262    65.0       1
19    0   3   16  0.000000    0.000000    0.000000    0.000000    28.7534409396    77.1166515    65.0       1
20    0   3   16  0.000000    0.000000    0.000000    0.000000    28.7530084564    77.1167335    65.0       1
21    0   3   16  0.000000    0.000000    0.000000    0.000000    28.752828255    77.1157905    65.0       1
22    0   3   16  0.000000    0.000000    0.000000    0.000000    28.7531526174    77.1160365    65.0       1
